+-----------+---------+---------+---------+---------+---------+---------+---------+---------+---------+---------+
|Term       |1.txt    |2.txt    |3.txt    |4.txt    |5.txt    |6.txt    |7.txt    |8.txt    |9.txt    |10.txt   |
+-----------+---------+---------+---------+---------+---------+---------+---------+---------+---------+---------+
|antony     |0.3807   |0.40862  |0.0      |0.0      |0.0      |0.77547  |0.0      |0.0      |0.0      |0.0      |
|brutus     |0.3807   |0.40862  |0.0      |0.66784  |0.0      |0.0      |0.0      |0.0      |0.0      |0.0      |
|caeser     |0.21918  |0.23525  |0.0      |0.38449  |0.51657  |0.44645  |0.0      |0.0      |0.0      |0.0      |
|cleopatra  |0.72809  |0.0      |0.0      |0.0      |0.0      |0.0      |0.0      |0.0      |0.0      |0.0      |
|mercy      |0.21918  |0.0      |0.6033   |0.38449  |0.51657  |0.44645  |0.0      |0.0      |0.0      |0.0      |
|worser     |0.28973  |0.0      |0.79752  |0.50826  |0.68287  |0.0      |0.0      |0.0      |0.0      |0.0      |
|fools      |0.0      |0.0      |0.0      |0.0      |0.0      |0.0      |0.32525  |0.32525  |0.35976  |0.35976  |
|fear       |0.0      |0.0      |0.0      |0.0      |0.0      |0.0      |0.42736  |0.42736  |0.0      |0.47271  |
|in         |0.0      |0.0      |0.0      |0.0      |0.0      |0.0      |0.32525  |0.32525  |0.35976  |0.35976  |
|rush       |0.0      |0.0      |0.0      |0.0      |0.0      |0.0      |0.32525  |0.32525  |0.35976  |0.35976  |
|to         |0.0      |0.0      |0.0      |0.0      |0.0      |0.0      |0.32525  |0.32525  |0.35976  |0.35976  |
|tread      |0.0      |0.0      |0.0      |0.0      |0.0      |0.0      |0.32525  |0.32525  |0.35976  |0.35976  |
|where      |0.0      |0.0      |0.0      |0.0      |0.0      |0.0      |0.32525  |0.32525  |0.35976  |0.35976  |
|calpurnia  |0.0      |0.78148  |0.0      |0.0      |0.0      |0.0      |0.0      |0.0      |0.0      |0.0      |
|angels     |0.0      |0.0      |0.0      |0.0      |0.0      |0.0      |0.42736  |0.42736  |0.47271  |0.0      |
+-----------+---------+---------+---------+---------+---------+---------+---------+---------+---------+---------+
