+-----------+-------+-------+-------+-------+-------+-------+-------+-------+-------+--------+
|Term       |1.txt  |2.txt  |3.txt  |4.txt  |5.txt  |6.txt  |7.txt  |8.txt  |9.txt  |10.txt  |
+-----------+-------+-------+-------+-------+-------+-------+-------+-------+-------+--------+
|antony     |1      |1      |0      |0      |0      |1      |0      |0      |0      |0       |
|brutus     |1      |1      |0      |1      |0      |0      |0      |0      |0      |0       |
|caeser     |1      |1      |0      |1      |1      |1      |0      |0      |0      |0       |
|cleopatra  |1      |0      |0      |0      |0      |0      |0      |0      |0      |0       |
|mercy      |1      |0      |1      |1      |1      |1      |0      |0      |0      |0       |
|worser     |1      |0      |1      |1      |1      |0      |0      |0      |0      |0       |
|fools      |0      |0      |0      |0      |0      |0      |1      |1      |1      |1       |
|fear       |0      |0      |0      |0      |0      |0      |1      |1      |0      |1       |
|in         |0      |0      |0      |0      |0      |0      |1      |1      |1      |1       |
|rush       |0      |0      |0      |0      |0      |0      |1      |1      |1      |1       |
|to         |0      |0      |0      |0      |0      |0      |1      |1      |1      |1       |
|tread      |0      |0      |0      |0      |0      |0      |1      |1      |1      |1       |
|where      |0      |0      |0      |0      |0      |0      |1      |1      |1      |1       |
|calpurnia  |0      |1      |0      |0      |0      |0      |0      |0      |0      |0       |
|angels     |0      |0      |0      |0      |0      |0      |1      |1      |1      |0       |
+-----------+-------+-------+-------+-------+-------+-------+-------+-------+-------+--------+
