+-----------+---------+---------+---------+---------+---------+---------+---------+---------+---------+---------+
|Term       |1.txt    |2.txt    |3.txt    |4.txt    |5.txt    |6.txt    |7.txt    |8.txt    |9.txt    |10.txt   |
+-----------+---------+---------+---------+---------+---------+---------+---------+---------+---------+---------+
|angels     |0.0      |0.0      |0.0      |0.0      |0.0      |0.0      |0.52288  |0.52288  |0.52288  |0.0      |
|antony     |0.52288  |0.52288  |0.0      |0.0      |0.0      |0.52288  |0.0      |0.0      |0.0      |0.0      |
|brutus     |0.52288  |0.52288  |0.0      |0.52288  |0.0      |0.0      |0.0      |0.0      |0.0      |0.0      |
|caeser     |0.30103  |0.30103  |0.0      |0.30103  |0.30103  |0.30103  |0.0      |0.0      |0.0      |0.0      |
|calpurnia  |0.0      |1.0      |0.0      |0.0      |0.0      |0.0      |0.0      |0.0      |0.0      |0.0      |
|cleopatra  |1.0      |0.0      |0.0      |0.0      |0.0      |0.0      |0.0      |0.0      |0.0      |0.0      |
|fear       |0.0      |0.0      |0.0      |0.0      |0.0      |0.0      |0.52288  |0.52288  |0.0      |0.52288  |
|fools      |0.0      |0.0      |0.0      |0.0      |0.0      |0.0      |0.39794  |0.39794  |0.39794  |0.39794  |
|in         |0.0      |0.0      |0.0      |0.0      |0.0      |0.0      |0.39794  |0.39794  |0.39794  |0.39794  |
|mercy      |0.30103  |0.0      |0.30103  |0.30103  |0.30103  |0.30103  |0.0      |0.0      |0.0      |0.0      |
|rush       |0.0      |0.0      |0.0      |0.0      |0.0      |0.0      |0.39794  |0.39794  |0.39794  |0.39794  |
|to         |0.0      |0.0      |0.0      |0.0      |0.0      |0.0      |0.39794  |0.39794  |0.39794  |0.39794  |
|tread      |0.0      |0.0      |0.0      |0.0      |0.0      |0.0      |0.39794  |0.39794  |0.39794  |0.39794  |
|where      |0.0      |0.0      |0.0      |0.0      |0.0      |0.0      |0.39794  |0.39794  |0.39794  |0.39794  |
|worser     |0.39794  |0.0      |0.39794  |0.39794  |0.39794  |0.0      |0.0      |0.0      |0.0      |0.0      |
+-----------+---------+---------+---------+---------+---------+---------+---------+---------+---------+---------+

1.txt length 1.3734623153231016
2.txt length 1.2796184676775093
3.txt length 0.49897425664192124
4.txt length 0.782940961597204
5.txt length 0.5827472583211477
6.txt length 0.6742701972094371
7.txt length 1.2234957570597818
8.txt length 1.2234957570597818
9.txt length 1.1061372813884127
10.txt length 1.1061372813884127
